DOWN    0=[ 624.4, 334.8,         0]
MOVE    0=[ 624.4, 334.8,        10]
          [ 624.4, 334.8,        20]
          [ 621.4, 335.8,        30]
          [ 615.4, 349.8,        41]
          [ 615.1, 350.6,        41]
MOVE    0=[ 608.4, 372.8,        51]
          [ 604.9, 384.3,        56]
MOVE    0=[ 595.4, 424.8,        61]
          [ 574.5, 527.7,        72]
          [ 570.1, 549.2,        74]
MOVE    0=[ 552.5, 646.7,        82]
          [ 532.9, 762.6,        91]
MOVE    0=[ 529.5, 782.6,        92]
          [ 504.5, 916.5,       103]
          [ 493.2, 977.1,       107]
MOVE    0=[ 482.6,1045.5,       113]
          [ 464.6,1164.4,       123]
          [ 463.6,1170.5,       124]
MOVE    0=[ 449.6,1271.3,       134]
          [ 442.1,1324.8,       139]
MOVE    0=[ 436.6,1363.3,       144]
          [ 424.6,1432.3,       154]
          [ 421.8,1448.6,       157]
MOVE    0=[ 415.6,1480.2,       165]
          [ 410.5,1506.5,       173]
MOVE    0=[ 409.6,1511.2,       175]
          [ 406.6,1511.2,       185]
          [ 405.3,1511.2,       190]
MOVE    0=[ 406.6,1511.2,       195]
          [ 405.6,1468.2,       206]
          [ 405.6,1466.2,       206]
MOVE    0=[ 410.6,1360.3,       216]
          [ 419.0,1252.6,       223]
MOVE    0=[ 423.6,1193.4,       227]
          [ 442.6,1006.5,       237]
          [ 447.1, 962.0,       239]
MOVE    0=[ 467.6, 818.6,       247]
          [ 497.0, 676.6,       256]
MOVE    0=[ 502.5, 649.7,       258]
          [ 538.5, 512.7,       268]
          [ 554.4, 452.0,       272]
MOVE    0=[ 570.5, 416.8,       278]
          [ 597.4, 368.8,       288]
          [ 598.6, 366.8,       289]
MOVE    0=[ 617.4, 339.8,       299]
          [ 617.4, 339.8,       305]
MOVE    0=[ 617.4, 339.8,       309]
          [ 617.4, 348.8,       320]
          [ 617.4, 350.9,       322]
MOVE    0=[ 610.4, 391.8,       330]
          [ 588.6, 488.2,       338]
MOVE    0=[ 584.5, 506.7,       340]
          [ 537.5, 674.6,       350]
          [ 516.9, 748.3,       355]
MOVE    0=[ 490.5, 860.6,       361]
          [ 451.6,1047.5,       371]
          [ 450.1,1054.5,       372]
MOVE    0=[ 419.6,1228.4,       381]
          [ 410.1,1332.2,       388]
MOVE    0=[ 404.6,1391.3,       392]
          [ 404.6,1526.2,       402]
          [ 404.6,1557.6,       405]
MOVE    0=[ 410.6,1626.2,       412]
          [ 415.6,1670.4,       421]
MOVE    0=[ 416.6,1679.1,       423]
          [ 422.6,1679.1,       433]
          [ 425.2,1679.1,       438]
MOVE    0=[ 426.6,1679.1,       443]
          [ 432.6,1652.1,       454]
          [ 432.8,1651.2,       454]
MOVE    0=[ 441.6,1536.2,       464]
          [ 446.1,1478.2,       469]
MOVE    0=[ 456.6,1363.3,       474]
          [ 473.6,1154.4,       485]
          [ 477.4,1106.7,       487]
MOVE    0=[ 494.5, 931.5,       495]
          [ 512.8, 753.4,       504]
MOVE    0=[ 516.5, 717.6,       505]
          [ 541.5, 553.7,       516]
          [ 552.2, 483.5,       520]
MOVE    0=[ 562.5, 452.8,       526]
          [ 571.5, 417.8,       536]
          [ 571.7, 416.7,       537]
MOVE    0=[ 577.5, 417.8,       547]
          [ 580.5, 417.8,       552]
MOVE    0=[ 578.5, 423.8,       557]
          [ 569.5, 468.8,       567]
          [ 567.4, 478.9,       570]
MOVE    0=[ 548.5, 596.7,       578]
          [ 519.5, 739.0,       586]
MOVE    0=[ 513.5, 768.6,       588]
          [ 467.6, 976.5,       598]
          [ 447.9,1065.5,       603]
MOVE    0=[ 428.6,1175.4,       609]
          [ 402.6,1357.3,       619]
          [ 402.0,1361.9,       619]
MOVE    0=[ 385.6,1503.2,       629]
          [ 379.4,1565.6,       636]
MOVE    0=[ 375.7,1603.2,       640]
          [ 371.7,1647.1,       650]
          [ 370.8,1657.1,       652]
MOVE    0=[ 370.7,1647.1,       660]
          [ 373.1,1637.2,       669]
MOVE    0=[ 373.7,1635.1,       671]
          [ 380.6,1563.2,       681]
          [ 383.6,1532.6,       685]
MOVE    0=[ 397.6,1382.3,       691]
          [ 426.6,1145.4,       702]
          [ 427.3,1140.0,       702]
MOVE    0=[ 463.6, 898.5,       712]
          [ 482.1, 775.1,       717]
MOVE    0=[ 504.5, 668.7,       722]
          [ 552.5, 501.7,       733]
          [ 563.0, 465.1,       735]
MOVE    0=[ 585.5, 406.8,       743]
          [ 600.2, 382.2,       751]
MOVE    0=[ 603.4, 376.8,       753]
          [ 603.4, 376.8,       764]
          [ 603.4, 376.8,       768]
MOVE    0=[ 603.4, 381.8,       774]
          [ 595.4, 439.8,       784]
          [ 595.3, 441.0,       784]
MOVE    0=[ 564.5, 592.7,       795]
          [ 549.0, 669.2,       800]
MOVE    0=[ 526.5, 783.6,       805]
          [ 476.6, 996.5,       815]
          [ 465.9,1042.1,       818]
MOVE    0=[ 437.6,1188.4,       826]
          [ 416.3,1317.8,       834]
MOVE    0=[ 411.6,1346.3,       836]
          [ 397.6,1459.2,       846]
          [ 391.8,1506.1,       851]
MOVE    0=[ 389.6,1518.2,       857]
          [ 388.6,1552.2,       867]
          [ 388.6,1552.8,       867]
MOVE    0=[ 389.6,1552.2,       877]
          [ 396.4,1517.7,       884]
MOVE    0=[ 400.6,1496.2,       888]
          [ 418.6,1392.3,       898]
          [ 422.4,1370.4,       900]
MOVE    0=[ 452.6,1166.4,       908]
          [ 491.8, 967.9,       917]
MOVE    0=[ 500.5, 923.5,       918]
          [ 551.5, 696.6,       929]
          [ 572.5, 603.1,       933]
MOVE    0=[ 606.4, 522.7,       939]
          [ 641.4, 419.8,       950]
          [ 641.9, 418.4,       950]
MOVE    0=[ 658.4, 393.8,       960]
          [ 658.4, 393.8,       966]
MOVE    0=[ 658.4, 393.8,       970]
          [ 659.4, 386.8,       981]
          [ 659.6, 385.3,       983]
MOVE    0=[ 646.4, 435.8,       991]
          [ 618.0, 557.5,       999]
MOVE    0=[ 611.4, 585.7,      1001]
          [ 560.5, 783.6,      1011]
          [ 539.6, 864.5,      1016]
MOVE    0=[ 511.5, 981.5,      1022]
          [ 465.6,1170.4,      1032]
          [ 465.1,1172.2,      1032]
MOVE    0=[ 433.6,1332.3,      1042]
          [ 417.6,1413.3,      1048]
MOVE    0=[ 415.6,1458.2,      1053]
          [ 405.6,1540.2,      1063]
          [ 403.6,1556.8,      1065]
MOVE    0=[ 399.6,1574.2,      1074]
          [ 398.0,1574.2,      1082]
MOVE    0=[ 397.6,1574.2,      1084]
          [ 403.6,1558.2,      1094]
          [ 406.1,1551.7,      1098]
MOVE    0=[ 413.6,1485.2,      1104]
          [ 431.6,1320.3,      1115]
          [ 431.7,1319.5,      1115]
MOVE    0=[ 463.6,1073.4,      1125]
          [ 479.6, 950.0,      1130]
MOVE    0=[ 501.5, 830.6,      1135]
          [ 544.5, 616.7,      1146]
          [ 553.1, 573.7,      1148]
MOVE    0=[ 587.5, 465.8,      1156]
          [ 612.3, 400.0,      1164]
MOVE    0=[ 618.4, 383.8,      1166]
          [ 637.4, 356.8,      1177]
          [ 645.0, 346.0,      1181]
MOVE    0=[ 637.4, 356.8,      1187]
          [ 635.4, 375.8,      1197]
          [ 635.4, 375.8,      1197]
MOVE    0=[ 616.4, 443.8,      1208]
          [ 606.9, 477.8,      1213]
MOVE    0=[ 570.5, 600.7,      1218]
          [ 521.5, 787.6,      1228]
          [ 511.7, 825.0,      1230]
MOVE    0=[ 478.6, 975.5,      1239]
          [ 448.6,1116.7,      1247]
MOVE    0=[ 440.6,1154.4,      1249]
          [ 414.6,1304.3,      1259]
          [ 404.1,1365.2,      1264]
MOVE    0=[ 399.6,1417.3,      1270]
          [ 399.6,1476.2,      1280]
          [ 399.6,1476.4,      1280]
MOVE    0=[ 399.6,1500.2,      1290]
          [ 399.6,1512.2,      1296]
MOVE    0=[ 404.6,1503.2,      1301]
          [ 421.6,1446.2,      1311]
          [ 425.0,1435.0,      1313]
MOVE    0=[ 444.6,1330.3,      1321]
          [ 471.8,1157.6,      1330]
MOVE    0=[ 478.6,1114.4,      1332]
          [ 526.5, 855.6,      1342]
          [ 545.7, 751.9,      1346]
MOVE    0=[ 583.5, 634.7,      1352]
          [ 628.3, 477.0,      1363]
MOVE    0=[ 628.4, 476.8,      1363]
          [ 655.4, 399.8,      1373]
          [ 663.7, 399.8,      1379]
MOVE    0=[ 669.4, 399.8,      1383]
          [ 668.4, 370.8,      1394]
          [ 668.2, 365.2,      1396]
MOVE    0=[ 650.4, 408.8,      1404]
          [ 629.8, 515.9,      1412]
MOVE    0=[ 624.4, 543.7,      1414]
          [ 591.5, 732.6,      1425]
          [ 578.4, 807.4,      1429]
MOVE    0=[ 553.5, 966.5,      1435]
          [ 520.8,1185.2,      1445]
MOVE    0=[ 520.5,1187.4,      1445]
          [ 501.5,1381.3,      1456]
          [ 492.0,1478.2,      1461]
MOVE    0=[ 490.5,1532.2,      1466]
          [ 483.6,1636.1,      1476]
          [ 482.2,1655.9,      1478]
MOVE    0=[ 481.6,1681.1,      1487]
          [ 480.8,1681.1,      1495]
MOVE    0=[ 480.6,1681.1,      1497]
          [ 478.6,1668.1,      1507]
          [ 477.8,1663.0,      1511]
MOVE    0=[ 479.6,1599.2,      1518]
          [ 486.5,1423.7,      1528]
MOVE    0=[ 486.5,1422.3,      1528]
          [ 503.5,1176.4,      1538]
          [ 512.0,1053.5,      1543]
MOVE    0=[ 528.5, 909.5,      1549]
          [ 564.5, 633.7,      1559]
          [ 571.3, 581.3,      1561]
MOVE    0=[ 610.4, 397.8,      1569]
          [ 654.0, 254.4,      1577]
MOVE    0=[ 665.4, 216.9,      1579]
          [ 713.3, 104.9,      1590]
          [ 732.3,  60.7,      1594]
MOVE    0=[ 748.3,  29.0,      1600]
UP    
